 0.93 -1.52  1.32  0.05  1.72 undead
 1.57 -1.74  0.92 -1.33 -0.68 nightmaresobs
 0.18  1.24 -1.53  1.53  0.78 other
 1.96 -1.29 -1.50 -0.19  1.47 nightmaresobs
 1.24  0.15  0.73 -0.22  1.15 wildone
 1.41 -1.56  1.04  1.09  0.66 undead
-0.70 -0.93 -0.18  0.75  0.88 undead
 1.12 -1.45 -1.26 -0.43 -0.05 nightmaresobs
 1.89  0.21 -1.45  0.47  0.62 other
-0.60 -1.87  0.82 -0.66  1.86 nightmaresobs
-0.80 -1.99  1.74  0.65  1.46 undead
-0.03  1.35  0.11 -0.92 -0.04 wildone
-0.24 -0.03  0.58  1.32 -1.51 undead
-0.60 -0.70  1.61  0.56 -0.66 undead
 1.29 -0.39 -1.57 -0.45  1.63 nightmaresobs
 0.87  1.59 -1.61 -1.79  1.47 wildone
 1.86  1.92  0.83 -0.34  1.06 wildone
-1.09 -0.81  1.47  1.82  0.06 undead
-0.99 -1.00 -1.45 -1.02 -1.06 nightmaresobs
-0.82 -0.56  0.82  0.79 -1.02 undead
-1.86  0.77 -0.58  0.82 -1.94 other
 0.15  1.18 -0.87  0.78  2.00 other
 1.18  0.79  1.08 -1.65 -0.73 wildone
 0.37  1.78  0.01  0.06 -0.50 other
-0.35  0.31  1.18 -1.83 -0.57 wildone
 0.91  1.14 -1.85  0.39  0.07 other
-1.61  0.28 -0.31  0.93  0.77 other
-0.11 -1.75 -1.66 -1.55 -0.79 nightmaresobs
 0.05  1.03 -0.23  1.49  1.66 other
-1.99  0.43 -0.99  1.72  0.52 other
-0.30  0.40 -0.70  0.51  0.07 other
-0.54  1.92 -1.13 -1.53  1.73 wildone
-0.52  0.44 -0.84 -0.11  0.10 wildone
-1.00 -1.82 -1.19 -0.67 -1.18 nightmaresobs
-1.81  0.10 -1.64 -1.47 -1.86 wildone
-1.77  0.53 -1.28  0.55 -1.15 other
 0.29 -0.28 -0.41  0.70  1.80 undead
-0.91  0.02  1.60 -1.44 -1.89 wildone
 1.24 -0.42 -1.30 -0.80 -0.54 nightmaresobs
-1.98 -1.15  0.54 -0.14 -1.24 nightmaresobs
 1.26 -1.02 -1.08 -1.27  1.65 ?
 1.97  1.14  0.51  0.96 -0.36 ?
 0.99  0.14 -0.97 -1.90 -0.87 ?
 1.54 -1.83  1.59  1.98 -0.41 ?
-1.81  0.34 -0.83  0.90 -1.60 ?
