-0.348446 -0.348446 -2.334280 -0.290126 1.088435 -1.392841 whitewalker
-0.426710 -0.426710 -1.744272 1.124495 0.591629 -1.099732 unsullied
1.177875 1.177875 1.028872 -3.157927 0.070117 -0.055500 whitewalker
0.011650 0.011650 -1.770276 -2.593299 -4.328498 0.564639 master
0.246854 0.246854 -2.573071 -2.688586 -0.431240 -1.330872 dothraki
0.842797 0.842797 -0.051114 -2.443854 0.169629 -0.575802 whitewalker
-0.460562 -0.460562 -0.515142 0.146144 -1.669342 0.658629 dothraki
-0.265400 -0.265400 -1.530546 -0.459232 1.089243 -0.898007 whitewalker
0.908027 0.908027 0.383521 -1.792601 1.635114 -0.916109 master
0.329117 0.329117 -0.892480 -2.074779 0.569024 -0.688058 dothraki
-0.302915 -0.302915 -1.840766 -0.621452 -1.369291 -0.363079 master
-0.187875 -0.187875 -1.537983 -0.593422 0.954192 -0.935149 whitewalker
0.193986 0.193986 -1.392005 -1.857943 -1.466628 -0.366144 dothraki
0.575811 0.575811 0.926498 -1.098273 0.451906 0.044419 unsullied
-0.143547 -0.143547 -2.161959 -1.524027 -1.575627 -0.514716 dothraki
0.451912 0.451912 0.090346 -0.896501 1.793520 -0.788746 unsullied
0.516110 0.516110 -0.055155 -1.877459 -1.323570 0.110687 dothraki
-0.440566 -0.440566 -2.244433 -0.026279 1.313619 -1.335764 whitewalker
-0.302343 -0.302343 -1.249739 -0.384398 1.065068 -0.665416 whitewalker
-0.417809 -0.417809 -1.745639 -0.567262 -2.378926 0.112708 dothraki
0.398487 0.398487 -2.487276 -3.173313 -1.603550 -1.033068 master
-0.488959 -0.488959 -1.403824 1.401345 -1.914857 -0.175023 unsullied
-0.352740 -0.352740 -1.137728 -0.495324 -1.239550 0.127285 dothraki
-0.786044 -0.786044 -1.789531 0.197106 -2.393373 0.378298 dothraki
0.431945 0.431945 -0.922384 -2.189146 -0.749512 -0.460742 dothraki
0.260213 0.260213 0.461304 0.098288 -1.112673 0.254571 master
-0.221230 -0.221230 -2.851600 0.705965 2.620874 -2.584974 master
-0.445842 -0.445842 -1.401681 1.345612 -0.905915 -0.487751 unsullied
0.312088 0.312088 -0.536727 -1.466721 0.487027 -0.547935 whitewalker
0.401214 0.401214 -0.815035 -1.196903 0.214661 -0.854419 master
0.200483 0.200483 -1.560261 -1.102227 0.217472 -1.135672 whitewalker
0.357165 0.357165 -1.521977 -1.633525 -0.319966 -1.036841 master
-1.762714 -1.762714 -3.979318 4.469605 -3.198577 -0.725272 unsullied
0.107946 0.107946 -0.031234 0.136907 -0.405687 -0.089227 unsullied
0.523093 0.523093 1.104254 -0.815180 -1.303313 0.639131 unsullied
0.431930 0.431930 -1.935817 -2.831255 -0.435367 -1.092051 dothraki
0.837438 0.837438 1.039021 -2.790315 1.193545 0.004937 whitewalker
-0.121102 -0.121102 -2.321404 -0.172686 -1.499983 -1.016170 master
-0.305374 -0.305374 -2.235043 -1.362657 -3.007326 -0.008129 master
-0.456956 -0.456956 -1.039483 1.933693 0.041236 -0.622813 master
0.387138 0.387138 0.026872 -1.072320 -2.058402 0.332909 master
0.150115 0.150115 -0.403279 -1.148994 -1.582067 0.235375 dothraki
0.781158 0.781158 0.832547 -2.523635 0.757661 -0.015126 whitewalker
-2.709803 -2.709803 -5.903274 6.774430 -4.815073 -0.968440 unsullied
0.116708 0.116708 -0.324985 -0.217160 0.152049 -0.367066 unsullied
0.229598 0.229598 0.308776 -0.034685 -0.435217 0.039427 unsullied
-0.608385 -0.608385 -1.263916 1.591690 -2.938366 0.307499 unsullied
0.303842 0.303842 0.139518 -1.350277 -0.858457 0.268368 dothraki
-0.624028 -0.624028 0.418927 3.001425 -2.272777 0.970516 master
-0.968705 -0.968705 -1.786324 2.605421 -3.279654 0.253375 unsullied
0.619369 0.619369 -1.429023 -2.799669 -1.229936 -0.778690 dothraki
-0.862719 -0.862719 -0.479753 3.677256 -1.317093 0.229300 master
0.095927 0.095927 -0.947694 -0.025470 -0.344045 -0.689738 master
0.338918 0.338918 0.609830 -0.538932 0.155018 0.074035 unsullied
-0.294070 -0.294070 -0.152775 -0.028618 -1.531764 0.699713 dothraki
-0.566361 -0.566361 -1.870703 -0.023937 1.641779 -0.997817 whitewalker
-0.653071 -0.653071 -1.235738 1.602373 -3.042828 0.411443 unsullied
-0.410002 -0.410002 -1.966585 -0.642913 -2.851816 0.094275 dothraki
-0.337162 -0.337162 -1.104473 1.277039 -0.554860 -0.500276 unsullied
0.776174 0.776174 1.544505 -1.703502 0.150308 0.446123 unsullied
-0.207012 -0.207012 -1.757274 -0.059607 -1.668702 -0.491803 master
0.059117 0.059117 -2.655317 -2.468103 0.415192 -1.424474 dothraki
1.408269 1.408269 1.177306 -3.713581 0.873323 -0.331331 whitewalker
0.345431 0.345431 0.645214 -1.831980 1.376619 0.086905 whitewalker
-0.660531 -0.660531 -1.850339 -0.440479 -4.738945 0.962191 master
-0.707206 -0.707206 -1.419461 0.113849 -1.372300 0.279391 dothraki
1.083156 1.083156 1.948884 -2.518113 1.414096 0.189614 unsullied
0.189969 0.189969 -1.191804 -3.420394 -5.377156 1.224590 master
-0.082309 -0.082309 -1.326764 -0.736579 0.376020 -0.734868 whitewalker
0.621271 0.621271 -0.163497 -2.331097 1.291513 -0.692998 whitewalker
-0.248379 -0.248379 -1.226477 -0.851330 -0.982227 -0.051780 dothraki
0.715992 0.715992 0.294994 -2.450835 2.056426 -0.672897 dothraki
-1.367396 -1.367396 -2.471769 3.278329 -4.758683 0.527728 unsullied
0.018507 0.018507 -1.602967 -1.565291 -1.798749 -0.266885 dothraki
0.705435 0.705435 -0.795325 -1.412169 1.444797 -1.517965 master
-0.496882 -0.496882 -1.812527 0.051115 -2.878716 0.148903 master
0.633652 0.633652 -1.650226 -3.403722 -0.753090 -0.928402 master
-0.067742 -0.067742 0.661421 -0.120096 -1.479817 0.979942 dothraki
-0.029155 -0.029155 -0.370561 -0.661160 -2.207215 0.539687 dothraki
0.244391 0.244391 -0.903456 -1.358700 -1.071699 -0.322916 master
0.563895 0.563895 0.415431 -0.459168 1.099542 -0.632252 master
-0.215720 -0.215720 -2.524970 -1.681157 -1.111016 -0.758928 dothraki
0.118221 0.118221 0.227799 -0.125305 -0.695710 0.222346 unsullied
-0.458400 -0.458400 -0.729843 1.237139 -2.409333 0.430252 unsullied
0.114114 0.114114 -0.699922 -0.536093 -0.029370 -0.496650 master
0.434177 0.434177 -1.577204 -2.472127 -1.811646 -0.564380 master
-0.544162 -0.544162 -1.117576 1.578109 -2.343910 0.168705 unsullied
-0.302309 -0.302309 -2.260881 -0.724963 -3.409076 -0.082611 master
-0.087739 -0.087739 -2.087075 0.234559 -0.116523 -1.371056 master
0.088029 0.088029 -0.495197 -1.307676 1.551413 -0.550387 whitewalker
-0.319039 -0.319039 -0.656713 -0.271350 -1.732281 0.495372 dothraki
-0.396354 -0.396354 -0.576521 1.078520 -2.366095 0.484030 unsullied
-0.453256 -0.453256 -1.793816 -0.258499 2.010657 -1.133194 whitewalker
0.192627 0.192627 -0.296778 -1.276740 0.768787 -0.346578 whitewalker
-0.786468 -0.786468 -1.757135 2.076160 -1.724370 -0.251429 unsullied
0.056738 0.056738 -0.199400 -1.227751 1.400926 -0.282051 whitewalker
0.062820 0.062820 -1.584818 -1.621921 -1.557680 -0.363150 dothraki
-0.927883 -0.927883 -1.760233 2.064628 -2.843225 0.236539 unsullied
-0.802912 -0.802912 -1.652842 2.090598 -2.549429 0.061498 unsullied
-0.950843 -0.950843 -2.189815 0.809751 1.458369 -0.875199 whitewalker
-0.539195 -0.539195 -1.397894 1.430488 -1.060164 -0.342066 unsullied
0.055921 0.055921 -0.910463 0.306141 1.253190 -1.124303 master
0.079143 0.079143 -1.400416 -0.398976 -0.891178 -0.742871 master
-0.238964 -0.238964 -1.362350 -0.962016 -0.813778 -0.176621 dothraki
-1.289920 -1.289920 -2.963431 3.013364 -2.018334 -0.588649 unsullied
-0.239649 -0.239649 -0.641437 0.798558 -2.238977 0.268615 master
-0.178409 -0.178409 -2.848572 -1.659462 -2.271188 -0.727519 master
1.071729 1.071729 1.980957 -3.287446 0.906445 0.557300 whitewalker
-0.151984 -0.151984 -0.041058 1.654358 -1.447702 0.144574 master
-1.202436 -1.202436 0.095791 1.986850 -0.325400 1.237405 dothraki
0.013859 0.013859 -0.007860 -0.769017 -0.537685 0.314488 dothraki
0.207192 0.207192 -1.362844 -1.974171 -2.740727 0.008952 master
0.922089 0.922089 1.154862 -1.829928 2.278856 -0.559275 unsullied
0.686695 0.686695 -0.251777 -2.485498 -0.015877 -0.450172 dothraki
-1.336873 -1.336873 -4.049937 1.709552 0.866706 -1.734504 whitewalker
0.413399 0.413399 0.599028 -0.765818 0.798084 -0.147505 unsullied
0.459732 0.459732 -2.172676 -2.722779 -2.566083 -0.748169 dothraki
0.014020 0.014020 -0.223401 0.177641 -0.811541 -0.000948 unsullied
-0.642925 -0.642925 -1.463275 1.731128 -1.836588 -0.117952 unsullied
0.495822 0.495822 0.681468 -0.917965 -0.121796 0.087438 unsullied
0.507863 0.507863 -1.646189 -2.996682 -0.412929 -0.953964 master
0.685607 0.685607 1.141651 -1.280737 0.923695 -0.030758 unsullied
-0.452815 -0.452815 -1.149440 1.222411 -1.300474 -0.165076 unsullied
0.394735 0.394735 -0.596048 -1.742093 1.148548 -0.806903 whitewalker
-1.657524 -1.657524 -3.896148 4.139355 -2.609406 -0.881033 unsullied
0.385061 0.385061 -0.030466 -1.844231 1.176255 -0.380572 whitewalker
-0.793923 -0.793923 -1.828067 0.284805 -3.098386 0.529372 dothraki
0.428283 0.428283 -0.398014 -1.875116 0.639749 -0.542249 whitewalker
0.115891 0.115891 -1.909211 -2.014554 -0.876003 -0.744382 dothraki
0.150559 0.150559 0.071147 -0.156446 0.183726 -0.158533 unsullied
-0.662165 -0.662165 0.434869 0.887700 0.324115 0.865046 dothraki
0.146209 0.146209 0.949210 1.042676 -0.726137 0.404009 master
-0.254665 -0.254665 -2.564124 -1.599518 -3.010720 -0.244388 master
0.706147 0.706147 0.652221 -1.447733 2.643017 -0.820532 unsullied
0.427431 0.427431 0.418384 -0.891644 -1.366203 0.321801 master
-0.578764 -0.578764 -1.523525 -0.080682 1.799468 -0.766959 whitewalker
-1.142734 -1.142734 -2.939789 2.862001 -1.926604 -0.752472 unsullied
-0.308274 -0.308274 -1.147854 -0.416083 1.576685 -0.716085 whitewalker
0.370764 0.370764 -0.976517 -1.737247 -0.656033 -0.556928 master
-0.444573 -0.444573 -0.372558 0.134128 -1.669579 0.740335 dothraki
0.528748 0.528748 0.649501 -1.180219 0.615453 -0.110634 unsullied
-0.048993 -0.048993 -1.694038 -0.891313 -1.065194 -0.608699 master
-0.135235 -0.135235 -1.028049 0.254551 -0.201729 -0.550368 master
0.290370 0.290370 -0.197956 -1.473861 -0.678081 0.032771 dothraki
0.118050 0.118050 -0.656515 -1.204185 -2.194543 0.279272 dothraki
-0.198407 -0.198407 -0.647819 0.794567 -1.103892 -0.094570 unsullied
-0.318833 -0.318833 -0.850828 -0.508260 -0.229394 0.014630 dothraki
0.679481 0.679481 1.008978 -2.651680 2.688459 -0.245277 whitewalker
-0.443729 -0.443729 -0.824383 -0.257994 -0.548521 0.220420 dothraki
-0.299025 -0.299025 -0.869260 0.944047 -1.169991 -0.136737 unsullied
0.135862 0.135862 -0.657084 -0.681111 -0.469896 -0.340299 master
0.440734 0.440734 -0.892908 -2.958420 -1.431900 -0.074481 master
-0.509770 -0.509770 -1.653789 1.733177 -0.679568 -0.738268 unsullied
0.966367 0.966367 -1.380329 -3.390527 -0.726671 -1.188170 master
-0.136894 -0.136894 -0.624539 0.467979 -0.976580 -0.111340 unsullied
-0.998513 -0.998513 -1.278727 1.032367 -2.534963 0.842941 dothraki
0.057215 0.057215 -0.344701 -1.077457 -0.277557 0.029588 dothraki
1.323009 1.323009 0.682599 -1.888503 2.008627 -1.329719 master
0.437596 0.437596 -1.832064 -2.791083 -1.226552 -0.824198 master
0.053220 0.053220 -0.515849 -0.463325 -1.192439 0.006834 master
0.043624 0.043624 -2.534470 -2.910404 -4.222840 0.039746 master
-0.083979 -0.083979 0.836233 -0.038376 -1.174835 1.020877 dothraki
-0.394422 -0.394422 -1.044718 1.167946 -2.114654 0.064048 unsullied
-0.415173 -0.415173 -0.991346 -0.246927 0.758181 -0.288282 whitewalker
0.139902 0.139902 0.425045 0.066498 -1.092747 0.390247 master
-0.591286 -0.591286 -1.742631 0.029711 2.033797 -0.994471 whitewalker
-0.929979 -0.929979 -2.852217 0.778147 1.435328 -1.351536 whitewalker
0.208143 0.208143 0.061489 -0.152775 -0.261769 -0.122136 unsullied
-1.418460 -1.418460 -3.227386 3.452675 -3.126949 -0.416191 unsullied
-0.880392 -0.880392 -2.178022 0.518743 1.687107 -0.948011 whitewalker
-0.737443 -0.737443 -1.732782 0.382056 1.006720 -0.607484 whitewalker
0.012756 0.012756 0.713623 -0.345678 -1.148938 0.878198 dothraki
-0.163203 -0.163203 -1.025163 -0.617744 0.812100 -0.564807 whitewalker
0.158638 0.158638 -1.129743 0.735344 1.105517 -1.481083 master
0.129928 0.129928 -1.950052 -2.122292 -0.732114 -0.803013 dothraki
-0.004151 -0.004151 -1.235648 -1.431555 -0.490378 -0.366022 dothraki
0.575738 0.575738 -0.277170 -1.972829 0.280099 -0.530524 whitewalker
0.079908 0.079908 -1.173267 -1.020719 0.841367 -0.894828 whitewalker
-0.709054 -0.709054 -2.141334 0.296323 1.751798 -1.109351 whitewalker
-1.224512 -1.224512 -1.094052 1.632623 -2.488844 1.106063 dothraki
-0.233793 -0.233793 -1.690314 -1.242347 -0.315867 -0.476106 dothraki
-0.237521 -0.237521 -1.667507 -0.158203 -1.705856 -0.354080 master
-0.489978 -0.489978 -1.781351 -0.625273 -0.818216 -0.222618 dothraki
-0.009919 -0.009919 -2.203383 -1.843931 -1.898851 -0.552097 dothraki
0.017164 0.017164 -1.139693 -1.280346 -1.801864 -0.012160 dothraki
-0.603734 -0.603734 -1.022540 0.095386 1.046781 -0.225670 whitewalker
0.327487 0.327487 -1.615777 -2.185568 0.116429 -1.041832 master
0.412246 0.412246 -0.873489 -1.560183 0.443346 -0.879910 master
-0.131328 -0.131328 -1.936220 -1.417823 -1.446256 -0.434549 dothraki
0.487889 0.487889 0.362626 -1.152495 0.332947 -0.188332 master
-0.263095 -0.263095 0.268751 0.090168 -1.181786 0.829516 dothraki
0.564578 0.564578 0.743200 -1.111031 1.067254 -0.231293 unsullied
0.077847 0.077847 -0.176977 -0.063512 -0.645695 -0.036455 unsullied
0.036662 0.036662 -1.017058 -1.376046 -1.679261 0.038989 master
-0.225905 -0.225905 -2.120875 -1.292880 -1.687727 -0.405588 dothraki
-0.129871 -0.129871 -1.417942 -0.707389 0.634595 -0.812915 whitewalker
0.701173 0.701173 -0.842349 -3.506731 -1.538011 -0.215440 master
0.417842 0.417842 -0.805058 -1.787451 0.318855 -0.748746 whitewalker
-0.035680 -0.035680 -1.513199 -0.765822 0.489539 -0.949758 whitewalker
0.263833 0.263833 -0.849585 -0.474706 -0.529728 -0.679171 master
-0.853949 -0.853949 -2.220939 0.701815 1.157590 -0.916409 whitewalker
0.696865 0.696865 -0.157999 -2.145035 1.104904 -0.785283 master
0.047667 0.047667 -1.532638 -1.648161 -0.939605 -0.466440 dothraki
0.568125 0.568125 -1.172029 -2.091871 0.118390 -1.072542 master
-0.259257 -0.259257 -1.184848 0.487653 -1.998311 -0.071934 master
0.510199 0.510199 0.610820 -0.868048 0.780867 -0.236330 unsullied
-0.960077 -0.960077 -2.576279 2.421016 -1.590728 -0.718226 unsullied
0.407708 0.407708 0.495245 -1.022352 0.842664 -0.159991 master
0.298656 0.298656 -2.162932 -2.764353 -1.653398 -0.764440 master
-0.736682 -0.736682 -1.904424 2.162479 -1.726814 -0.440993 dothraki
-1.124362 -1.124362 -2.040121 2.810435 -2.786985 0.096712 unsullied
-0.459677 -0.459677 -1.201824 1.303698 -1.615184 -0.128433 unsullied
-0.283893 -0.283893 -2.852040 -1.199594 -2.635250 -0.608852 master
-0.230787 -0.230787 -1.807204 -2.013270 -3.296875 0.434402 master
-0.213860 -0.213860 -1.048843 0.080609 -1.352074 -0.108079 master
0.615861 0.615861 -0.257758 -2.121937 0.140559 -0.494699 whitewalker
-0.453335 -0.453335 -1.041079 -0.234591 -1.415011 0.308865 dothraki
-0.130284 -0.130284 -0.187501 0.059802 -1.554719 0.443750 master
-0.002547 -0.002547 -0.378596 -1.073073 0.142857 -0.029664 dothraki
-0.273835 -0.273835 -2.251136 -0.189914 -0.340305 -1.073708 whitewalker
0.126566 0.126566 -0.265824 -0.062146 0.546862 -0.483942 unsullied
-0.157238 -0.157238 -0.293207 0.349040 -2.030661 0.460620 unsullied
0.021987 0.021987 -0.685311 -1.223659 1.589685 -0.627783 whitewalker
0.349905 0.349905 -1.548962 -1.853373 -0.043184 -1.065296 master
-0.088049 -0.088049 -2.170503 -1.824379 -2.385795 -0.300150 master
-0.843699 -0.843699 -2.206562 2.445173 -2.019912 -0.503587 unsullied
-0.022493 -0.022493 -1.192445 -0.960900 1.097666 -0.857451 whitewalker
0.112827 0.112827 -1.663257 -1.758894 -1.531497 -0.456383 dothraki
0.139541 0.139541 -1.130378 -1.477881 -2.196308 -0.010896 dothraki
0.383310 0.383310 0.146267 -0.681362 1.374750 -0.600807 unsullied
0.177355 0.177355 -0.561136 -1.201419 -0.170476 -0.277474 whitewalker
0.279661 0.279661 -1.586203 -1.589901 -1.318141 -0.722090 master
-0.645286 -0.645286 -1.447449 -0.006235 1.928293 -0.679613 whitewalker
0.142972 0.142972 0.141436 -0.457694 -1.934546 0.546404 master
0.905303 0.905303 1.172985 -2.955729 1.507985 -0.033742 whitewalker
0.435043 0.435043 -0.331840 -1.890554 0.817257 -0.548773 whitewalker
0.051052 0.051052 -0.684316 -1.113242 -1.996390 0.271829 dothraki
-0.165370 -0.165370 -0.639618 -0.917881 1.385977 -0.371341 whitewalker
-0.860980 -0.860980 -1.865639 2.333209 -2.379686 -0.117540 unsullied
0.179818 0.179818 -0.098123 0.103255 0.428628 -0.446632 unsullied
0.114490 0.114490 -1.595500 -1.649925 -2.232111 -0.250108 master
0.673896 0.673896 0.576531 -1.421028 1.948347 -0.650777 unsullied
-0.196812 -0.196812 -1.789383 -0.657240 -1.462878 -0.432651 master
0.344588 0.344588 0.905366 -0.688401 -0.807000 0.569637 master
1.385399 1.385399 1.899223 -3.728583 0.578859 0.286414 whitewalker
0.218806 0.218806 -0.294022 -1.573632 1.417603 -0.478982 whitewalker
0.658401 0.658401 0.271824 -2.108024 0.555180 -0.295589 dothraki
-1.264706 -1.264706 -2.625758 3.132956 -3.438437 -0.033772 unsullied
0.679032 0.679032 -0.535377 -2.492722 -0.471185 -0.513987 dothraki
-0.687572 -0.687572 -2.221357 0.202708 1.843006 -1.194549 whitewalker
-1.070773 -1.070773 -2.501904 2.486078 -1.927267 -0.446329 unsullied
-0.411702 -0.411702 -2.129741 -0.245498 1.151152 -1.194702 whitewalker
0.192110 0.192110 -0.752550 -1.178615 -0.241038 -0.417451 whitewalker
-0.054022 -0.054022 0.195446 0.081135 -2.275296 0.799568 unsullied
-0.356344 -0.356344 -1.608676 -0.656251 -1.631614 -0.051166 dothraki
-0.109773 -0.109773 -1.179321 0.483035 -1.052255 -0.518265 master
0.145740 0.145740 -0.991806 -1.053464 0.023686 -0.626380 whitewalker
0.855947 0.855947 0.741389 -2.758079 0.852676 -0.143865 whitewalker
0.561675 0.561675 -1.228998 -2.346147 0.059094 -1.023922 master
-0.983154 -0.983154 -2.284062 2.417715 -2.253184 -0.304496 unsullied
0.412999 0.412999 -1.716664 -1.453070 -0.459974 -1.254173 whitewalker
-0.183394 -0.183394 -1.757737 -0.761890 -2.255102 -0.188678 master
-0.481139 -0.481139 -1.190898 0.873651 -1.735865 0.048163 master
1.197204 1.197204 1.431591 -3.324926 0.635909 0.090340 whitewalker
0.193033 0.193033 -0.022801 -0.412034 0.511002 -0.303858 unsullied
-1.713577 -1.713577 -4.137845 4.315320 -2.800234 -0.969128 unsullied
-0.707976 -0.707976 -1.962648 0.164939 2.318188 -1.105209 whitewalker
0.508255 0.508255 -2.784620 -3.544819 -0.111779 -1.693334 dothraki
0.509139 0.509139 -1.345457 -3.071017 -1.818252 -0.348566 master
-0.143957 -0.143957 -0.970312 -0.758094 0.952155 -0.554165 whitewalker
0.409606 0.409606 -0.590739 -1.637270 0.149632 -0.580353 whitewalker
1.235324 1.235324 0.649533 -3.354789 0.658288 -0.505014 whitewalker
-0.484068 -0.484068 -1.937528 -0.553623 -2.091087 -0.015086 dothraki
0.496503 0.496503 -0.794072 -2.130093 -1.564097 -0.251707 dothraki
-0.354230 -0.354230 -0.632687 -0.165092 -2.036047 0.613491 dothraki
-0.821669 -0.821669 -1.456034 1.907439 -3.002940 0.391892 unsullied
0.713902 0.713902 0.741096 -1.410066 0.565952 -0.219184 master
0.787266 0.787266 0.704281 -2.459936 0.118288 0.043189 whitewalker
0.004219 0.004219 -1.689267 -0.913917 -1.746718 -0.486335 master
-0.689247 -0.689247 -1.283791 0.141481 2.082541 -0.586024 whitewalker
0.016983 0.016983 -0.444248 0.146603 0.556727 -0.519594 unsullied
-0.264024 -0.264024 -0.621564 -0.530943 0.447522 -0.073705 whitewalker
-0.113441 -0.113441 -1.033340 -1.183030 0.126884 -0.309379 dothraki
0.200518 0.200518 -1.630734 -1.844386 -1.048255 -0.657607 master
0.099284 0.099284 -1.110182 -0.997011 0.654746 -0.831988 master
0.627289 0.627289 -0.003871 -2.336662 0.878090 -0.476693 whitewalker
-0.227537 -0.227537 -1.539584 0.797747 0.790885 -1.190234 unsullied
-0.971275 -0.971275 -2.551794 0.772143 1.694695 -1.155455 whitewalker
0.033384 0.033384 -0.479154 -1.151091 -0.236767 -0.025469 dothraki
-0.063509 -0.063509 -0.378047 0.312448 -0.585451 -0.101751 unsullied
-0.540712 -0.540712 -2.367227 0.442883 -1.684593 -0.601058 master
0.867585 0.867585 1.669225 -1.948554 0.139931 0.477432 unsullied
-0.380813 -0.380813 -1.412188 -0.749767 -0.743529 -0.097043 dothraki
-0.134530 -0.134530 1.333968 0.335121 -0.800919 1.240730 dothraki
-0.252217 -0.252217 -1.239121 -0.611265 1.836535 -0.874477 whitewalker
0.517432 0.517432 -0.282248 -2.067408 0.970531 -0.619302 whitewalker
-0.832153 -0.832153 -2.385431 1.975734 -0.508122 -0.932474 unsullied
0.061225 0.061225 0.008776 1.163192 0.426761 -0.482046 master
-0.435148 -0.435148 -1.507505 1.230937 -0.695807 -0.603478 unsullied
0.305591 0.305591 -1.298298 -2.116222 -1.127107 -0.473921 dothraki
-0.131847 -0.131847 -1.159038 0.409034 -1.450057 -0.349361 master
0.065584 0.065584 -1.643238 -1.744479 -1.624209 -0.358878 dothraki
0.523205 0.523205 -2.078627 -3.331765 0.287295 -1.380527 master
-0.368395 -0.368395 -2.486711 0.083444 -0.651922 -1.098841 master
-0.109382 -0.109382 -2.008529 -1.710402 -0.200104 -0.775673 dothraki
0.250052 0.250052 0.236164 -0.446209 -0.238665 0.012424 unsullied
0.466531 0.466531 0.184098 -0.653318 1.035333 -0.599642 master
-0.468789 -0.468789 -1.781828 1.510392 0.159133 -1.051331 unsullied
0.106258 0.106258 -1.540207 -1.789380 -1.051773 -0.483137 dothraki
0.371318 0.371318 -0.070421 -0.511789 1.383194 -0.781435 unsullied
-0.688701 -0.688701 -1.539169 1.753119 -2.130505 -0.037187 unsullied
1.001011 1.001011 -0.124070 -2.605819 -0.886535 -0.510115 master
-0.131835 -0.131835 -1.281928 0.284215 -0.664885 -0.615144 master
0.894967 0.894967 0.636785 -2.869612 0.854223 -0.240697 whitewalker
-1.010028 -1.010028 -0.342926 1.419551 -1.895674 1.242763 dothraki
-0.423160 -0.423160 -0.975632 -0.242416 1.067250 -0.351086 whitewalker
0.106553 0.106553 -0.973088 -1.210716 1.267726 -0.856889 whitewalker
-0.215205 -0.215205 -0.636665 0.525650 -0.993100 -0.026794 unsullied
-0.322436 -0.322436 -1.053154 1.100031 -1.091713 -0.294781 unsullied
-0.437148 -0.437148 -1.883250 -0.122834 0.762625 -0.915230 whitewalker
-0.141463 -0.141463 -0.476009 -0.903469 1.249493 -0.255349 dothraki
-0.574308 -0.574308 -1.766462 0.233145 0.181111 -0.586144 dothraki
-0.366411 -0.366411 -2.731746 -0.390547 -1.774367 -0.851406 master
0.927689 0.927689 -0.182778 -2.601198 0.074533 -0.714403 whitewalker
-0.139114 -0.139114 0.655941 0.048098 -1.531276 1.041583 dothraki
0.523071 0.523071 -2.507580 -3.556868 0.059378 -1.562210 master
-0.343320 -0.343320 -2.316572 -0.061779 0.132477 -1.187443 whitewalker
0.001317 0.001317 -0.266329 -0.866661 -0.428549 0.145534 dothraki
-1.215970 -1.215970 -1.962834 2.990887 -3.309518 0.366524 master
0.867200 0.867200 0.281615 -2.465128 -0.251776 -0.256599 dothraki
-0.265869 -0.265869 -1.253437 -0.403970 1.514753 -0.832095 whitewalker
-0.509398 -0.509398 -1.145456 1.292862 -1.686950 -0.001539 unsullied
0.278264 0.278264 -0.851143 -0.084320 2.676169 -1.660173 unsullied
-0.527220 -0.527220 -1.363352 1.482441 -1.753785 -0.160116 unsullied
-1.248973 -1.248973 -3.261290 1.274856 2.124021 -1.527875 whitewalker
0.301758 0.301758 -0.608900 -1.656849 1.122857 -0.708029 whitewalker
-0.197653 -0.197653 -1.855368 -1.337168 -2.970081 0.099023 master
0.069760 0.069760 -0.479023 -1.155663 -0.583339 0.021145 dothraki
1.042961 1.042961 -0.038747 -3.069261 2.419715 -1.278732 master
0.130608 0.130608 -1.474384 -1.263670 0.694009 -1.071258 whitewalker
1.185069 1.185069 2.285681 -3.309786 0.580242 0.714499 whitewalker
0.175537 0.175537 -0.715603 -1.390755 -1.807983 0.105228 dothraki
-1.085888 -1.085888 -2.041616 2.521289 -3.579183 0.330961 unsullied
0.294909 0.294909 -0.391507 -1.657139 0.104132 -0.272855 dothraki
1.065516 1.065516 -0.560936 -2.063893 3.603294 -2.244950 master
-0.533725 -0.533725 -1.685781 1.238426 -0.476528 -0.659214 unsullied
0.968494 0.968494 1.120296 -2.871847 0.760851 0.026174 whitewalker
-0.307962 -0.307962 -0.400419 0.917595 -2.379363 0.534836 unsullied
0.246710 0.246710 0.540999 -0.497995 -1.620496 0.614773 unsullied
0.351031 0.351031 -0.819909 -0.620149 -0.118660 -0.847226 master
-0.643905 -0.643905 -1.611689 1.845575 -2.376003 -0.104059 unsullied
-0.522476 -0.522476 -1.500599 1.422088 -1.158351 -0.407332 unsullied
0.088653 0.088653 -0.113585 -0.035842 -0.172703 -0.140609 unsullied
0.582147 0.582147 0.779659 -2.221362 0.841570 0.111235 whitewalker
-1.361431 -1.361431 -2.448365 1.420253 2.398211 -0.921963 whitewalker
0.069608 0.069608 0.218539 -0.039265 -1.181065 0.388818 unsullied
-1.453987 -1.453987 -3.257301 1.700324 2.002044 -1.329455 whitewalker
0.110829 0.110829 -2.699821 -2.342811 -2.065981 -0.887539 dothraki
-0.496626 -0.496626 -1.115401 1.096487 -1.187388 -0.082347 unsullied
-0.087696 -0.087696 -1.017706 0.526776 1.346008 -1.090708 unsullied
-0.034494 -0.034494 -0.670035 0.484795 0.286105 -0.621949 master
-1.600227 -1.600227 -3.695246 3.945637 -3.099896 -0.635289 unsullied
0.409472 0.409472 0.103281 -0.605504 1.462605 -0.708026 unsullied
-0.844841 -0.844841 -2.308070 2.338452 -0.840050 -0.863666 unsullied
0.312517 0.312517 -1.581180 -2.395183 -0.040042 -0.903082 dothraki
-0.198343 -0.198343 -0.641023 -0.546704 -1.634535 0.390449 dothraki
-0.502332 -0.502332 -1.908117 -0.108206 1.560794 -1.065259 whitewalker
-0.111858 -0.111858 -0.851569 -0.992151 -0.739858 0.000785 dothraki
0.205061 0.205061 0.183849 -0.099436 -0.485831 0.014319 unsullied
0.487639 0.487639 0.180299 -1.492606 0.283598 -0.216574 master
-0.420395 -0.420395 -1.106812 1.292228 -1.270080 -0.203707 unsullied
0.233701 0.233701 -0.661976 -1.696876 -0.224987 -0.282775 dothraki
0.170521 0.170521 -1.741914 -1.078951 0.165262 -1.215016 whitewalker
0.950102 0.950102 0.305358 -2.675821 -0.557965 -0.213719 whitewalker
0.470315 0.470315 -0.621648 -1.835943 0.903078 -0.834621 whitewalker
-1.060951 -1.060951 -2.483218 2.652421 -1.550397 -0.589474 unsullied
0.043886 0.043886 -0.305596 0.849840 1.082024 -0.776429 master
0.323922 0.323922 0.692763 -0.707973 -0.040533 0.246912 unsullied
-0.751963 -0.751963 -1.661094 1.947288 -2.111587 -0.093092 unsullied
0.648716 0.648716 1.708512 0.540514 1.547661 -0.212217 master
0.010318 0.010318 -0.844814 -1.095333 0.902638 -0.571335 whitewalker
-0.171369 -0.171369 -0.696827 0.662267 -1.355250 -0.063488 master
0.473995 0.473995 -0.692246 -2.134179 -0.501953 -0.435680 dothraki
0.213706 0.213706 -2.117477 -2.329384 -0.877964 -0.938966 master
-0.522238 -0.522238 -1.656532 1.434250 -0.585025 -0.673980 unsullied
-0.441915 -0.441915 -2.051280 -0.747047 -3.513792 0.281420 master
0.213987 0.213987 -0.727842 -1.355013 0.487995 -0.580756 whitewalker
0.314473 0.314473 -0.726066 -1.479230 0.447140 -0.669543 whitewalker
-1.774115 -1.774115 -3.684322 2.371359 1.723895 -1.300556 whitewalker
0.574175 0.574175 0.418031 -2.046616 0.294336 -0.027776 whitewalker
0.157137 0.157137 -1.139007 -1.180771 0.750232 -0.907743 whitewalker
0.629100 0.629100 0.764205 -0.924627 2.110179 -0.629099 master
-0.575072 -0.575072 -1.204683 1.079139 -1.317991 -0.001976 master
-0.069449 -0.069449 -0.107984 0.212782 -0.894032 0.202964 unsullied
0.786679 0.786679 -0.083819 -2.556664 -0.362883 -0.353105 dothraki
-0.445400 -0.445400 -1.638621 0.845929 -0.623495 -0.604195 master
0.819942 0.819942 1.463649 -1.720336 -0.027713 0.384126 unsullied
0.582139 0.582139 -0.134400 -1.603507 -0.347450 -0.363236 master
-0.303894 -0.303894 -1.528769 -0.618624 -2.734562 0.222962 dothraki
-0.455871 -0.455871 -1.225063 1.160030 -0.343111 -0.455829 unsullied
0.136405 0.136405 0.033626 -0.004969 -1.832811 0.338374 master
0.521918 0.521918 1.065076 0.609380 0.533505 -0.239498 master
-0.319266 -0.319266 0.077631 -0.282731 1.632708 0.106372 dothraki
0.065881 0.065881 -1.055053 -1.506967 -0.446079 -0.324919 dothraki
0.103684 0.103684 0.612050 0.748708 -0.328187 0.191215 master
-0.992126 -0.992126 -0.872051 1.150193 -2.396822 1.051976 dothraki
-0.243565 -0.243565 -1.345756 -0.064317 -2.620059 0.101155 master
-0.922029 -0.922029 -2.443514 0.748205 0.846675 -0.910379 whitewalker
0.091393 0.091393 -0.087915 -0.004536 -0.511397 -0.043014 unsullied
1.176328 1.176328 1.077654 -3.198267 0.599386 -0.151632 whitewalker
-0.130561 -0.130561 -1.515759 -0.708770 0.744433 -0.909590 whitewalker
-0.961888 -0.961888 -3.294895 1.029798 0.219602 -1.355162 whitewalker
-0.932350 -0.932350 -2.451473 0.566036 2.481731 -1.296482 whitewalker
0.229958 0.229958 -1.577391 -1.442117 -3.053610 -0.220701 master
-0.737974 -0.737974 -1.258491 1.973167 -3.177442 0.450210 unsullied
0.354296 0.354296 -0.299616 -1.753939 1.435344 -0.620652 whitewalker
0.611565 0.611565 1.278856 -2.374641 1.537773 0.272688 whitewalker
-0.343812 -0.343812 -4.552290 -2.927679 -4.902868 -0.673358 master
-0.347760 -0.347760 -1.116301 -0.525683 1.907863 -0.703581 whitewalker
-0.314400 -0.314400 -1.620288 0.989406 1.258490 -1.306360 unsullied
-0.794813 -0.794813 -2.176564 -0.098112 -1.344702 -0.088583 dothraki
-1.074862 -1.074862 -2.104898 2.402079 -2.673540 0.058516 unsullied
-0.364876 -0.364876 -0.569178 0.992467 -2.679488 0.553712 unsullied
-1.342945 -1.342945 -3.312863 3.310605 -1.091167 -1.087397 master
-1.153050 -1.153050 -3.245942 2.996049 -0.206503 -1.449489 unsullied
-0.321409 -0.321409 -1.654956 -0.265236 0.045627 -0.679238 whitewalker
-1.028549 -1.028549 -2.325040 2.416380 -1.898608 -0.368456 unsullied
0.438210 0.438210 0.681658 -0.844765 0.156232 0.070177 unsullied
-0.472804 -0.472804 -1.253754 -0.191057 -2.499854 0.466794 dothraki
-0.702441 -0.702441 -1.333902 1.889194 -2.632488 0.225215 unsullied
0.311908 0.311908 -0.725985 -1.450460 0.798516 -0.767901 whitewalker
-0.072149 -0.072149 -0.737393 0.930858 0.496060 -0.788221 master
0.743684 0.743684 0.232083 -1.480887 3.481560 -1.380924 unsullied
-0.180821 -0.180821 -0.580310 -0.617954 -0.531754 0.131009 dothraki
1.330188 1.330188 1.065418 -3.507221 0.223972 -0.183956 whitewalker
-0.536302 -0.536302 -1.575487 -0.302717 -1.474077 0.077569 dothraki
0.182750 0.182750 -3.042289 -2.808470 -1.416047 -1.279300 dothraki
-0.415003 -0.415003 -0.908861 0.993799 -1.991748 0.196862 unsullied
-0.701585 -0.701585 -1.243575 0.179539 -1.623278 0.445939 dothraki
0.648430 0.648430 1.316830 -1.918530 -2.858943 1.319011 master
0.294225 0.294225 -0.751807 -1.433479 0.969423 -0.812936 whitewalker
0.465065 0.465065 0.299142 -1.844616 0.257506 -0.008172 whitewalker
0.171632 0.171632 -0.809436 -1.228077 0.632866 -0.652963 whitewalker
0.737869 0.737869 -0.047771 -2.209329 -0.258296 -0.379211 whitewalker
0.216390 0.216390 -2.257577 -2.401031 -1.369591 -0.890109 dothraki
0.530625 0.530625 -0.804187 -1.871884 -0.118967 -0.757547 master
-0.128016 -0.128016 -1.802678 -0.643148 0.778143 -1.139085 whitewalker
-0.250603 -0.250603 -0.486053 -0.344829 -1.794365 0.559773 dothraki
-0.013306 -0.013306 -0.627536 -0.199637 -1.547195 0.045438 master
-0.062200 -0.062200 -1.997838 -2.018761 -1.169762 -0.491782 master
0.170842 0.170842 0.123498 -0.023245 -0.753747 0.070098 unsullied
0.357307 0.357307 0.255088 -0.893341 -0.921380 0.180701 master
-0.663831 -0.663831 -1.962055 1.867571 -0.225504 -0.906943 unsullied
0.464250 0.464250 0.165219 -1.470271 -1.288543 0.221097 master
-0.136801 -0.136801 -0.719544 0.651776 0.193080 -0.538868 unsullied
-0.005366 -0.005366 -1.322877 -1.349649 -0.875255 -0.342444 master
-0.227691 -0.227691 -0.320122 -0.571278 1.164408 -0.093579 whitewalker
0.084312 0.084312 0.083536 -1.127251 1.151442 -0.078736 dothraki
-0.264502 -0.264502 0.845187 0.209233 0.006998 0.884450 dothraki
0.112709 0.112709 -1.285908 -1.003426 0.251685 -0.862422 unsullied
-0.282132 -0.282132 -0.809080 0.842428 -1.271495 -0.064020 unsullied
-0.150939 -0.150939 -0.967146 -0.748643 -2.299740 0.329904 dothraki
-0.770180 -0.770180 -2.224280 2.046397 -0.628133 -0.886903 unsullied
0.131179 0.131179 -1.145140 -1.216587 0.855060 -0.897051 whitewalker
-0.536053 -0.536053 -1.109302 1.472233 -2.136997 0.134782 unsullied
-0.956005 -0.956005 -3.111398 -0.363125 -1.068575 -0.537445 dothraki
-1.053389 -1.053389 -3.066851 2.782001 0.021687 -1.463032 unsullied
0.338134 0.338134 -1.157795 -2.242654 0.592199 -0.849372 dothraki
0.173935 0.173935 0.562678 0.749559 0.148934 -0.064379 master
0.540218 0.540218 0.684480 0.606272 2.305350 -1.005628 master
0.093537 0.093537 -0.429232 -0.217503 0.998737 -0.637178 unsullied
0.494888 0.494888 -1.151605 -2.511355 -0.465515 -0.699158 dothraki
-0.165564 -0.165564 0.126423 0.374530 -2.199442 0.803907 unsullied
-0.096764 -0.096764 -0.821332 -0.787294 -2.648083 0.463973 dothraki
-1.287680 -1.287680 -3.212979 1.300187 2.167726 -1.461285 whitewalker
0.305148 0.305148 -0.368370 0.319451 1.193350 -1.060713 master
-0.211893 -0.211893 -2.249134 -1.435206 -1.358880 -0.566357 dothraki
-0.143954 -0.143954 -0.369892 -0.545119 -1.251440 0.404888 dothraki
0.240666 0.240666 0.398585 0.349072 -1.128336 0.177561 master
-1.037875 -1.037875 -1.766782 0.683523 -1.753589 0.431141 dothraki
0.795077 0.795077 -1.719086 -3.450020 -0.178060 -1.332123 dothraki
-0.096575 -0.096575 -0.766817 -1.102189 0.316910 -0.216759 dothraki
0.125361 0.125361 -0.080903 -0.053269 0.114504 -0.238987 unsullied
1.076275 1.076275 0.126565 -3.288582 1.681917 -0.953303 master
0.044614 0.044614 -1.253384 -1.492285 -1.682239 -0.106617 dothraki
-0.404942 -0.404942 -1.192819 0.940799 -0.682998 -0.353701 unsullied
-0.411587 -0.411587 -1.938659 -0.899153 -1.453748 -0.195831 dothraki
0.655332 0.655332 -1.298647 -2.976063 -0.362327 -0.923967 dothraki
-0.065866 -0.065866 -0.899943 -0.963013 1.154654 -0.610696 whitewalker
-1.157155 -1.157155 -4.119024 1.360532 1.084158 -1.990058 whitewalker
0.394711 0.394711 0.720334 -0.724940 -0.788644 0.378571 unsullied
0.074272 0.074272 -2.965946 -2.485042 -1.516787 -1.137423 master
-0.456063 -0.456063 -1.633088 -0.565777 -1.213731 -0.072173 dothraki
0.589989 0.589989 0.229266 -1.318071 -2.033980 0.262621 master
0.592859 0.592859 -0.846685 -1.885726 -0.338661 -0.806580 whitewalker
0.160915 0.160915 -0.049003 0.076450 0.066028 -0.283095 unsullied
-0.065072 -0.065072 -0.596778 -1.075161 2.292129 -0.677681 whitewalker
-0.018882 -0.018882 -2.183563 -1.679494 -2.067976 -0.522318 dothraki
-0.537270 -0.537270 -2.167120 0.219027 -0.029750 -0.854672 whitewalker
0.235809 0.235809 -1.119644 -1.894735 -1.022149 -0.341163 dothraki
-0.184065 -0.184065 -1.388516 -0.522754 0.074515 -0.616762 whitewalker
-0.912699 -0.912699 -1.695633 0.645026 1.734331 -0.612777 whitewalker
0.461066 0.461066 0.094529 -1.753219 -0.564579 0.052277 dothraki
0.211234 0.211234 -2.583985 -2.106158 -0.769501 -1.347171 master
-0.243096 -0.243096 -0.882921 -0.545180 -1.680634 0.292296 dothraki
0.805336 0.805336 -1.207105 -3.355952 0.606410 -1.222515 dothraki
0.537027 0.537027 -0.714163 -2.348177 -0.451342 -0.493738 dothraki
0.218003 0.218003 -0.366131 -1.407235 0.594108 -0.348616 whitewalker
0.494313 0.494313 2.090900 -0.799836 0.422000 0.898569 dothraki
0.323057 0.323057 0.005943 -1.659090 1.243551 -0.338201 whitewalker
-0.086477 -0.086477 -0.703266 0.447566 0.176609 -0.537911 unsullied
-0.898544 -0.898544 -2.337603 0.631070 1.543331 -1.025246 whitewalker
0.396080 0.396080 0.174264 -1.785424 1.326504 -0.307200 whitewalker
-0.058990 -0.058990 0.317987 -0.586065 0.633569 0.276944 dothraki
-0.321498 -0.321498 -1.275579 0.846654 0.416180 -0.793479 unsullied
-0.179443 -0.179443 -1.125471 -0.575562 0.468853 -0.531796 whitewalker
-0.329302 -0.329302 -0.942522 1.165996 -1.546077 -0.102749 unsullied
-0.153140 -0.153140 -1.599194 -1.315225 -1.155521 -0.274306 dothraki
-0.600690 -0.600690 -1.819564 0.098471 1.540123 -0.920331 whitewalker
0.057174 0.057174 -0.157745 -0.185329 0.260630 -0.209020 unsullied
-1.229379 -1.229379 -2.664660 3.141857 -2.546894 -0.349613 unsullied
-0.309471 -0.309471 -1.841464 -1.124093 -0.300506 -0.516032 dothraki
0.435920 0.435920 -1.605339 -1.909842 -0.792216 -1.002170 master
-0.523048 -0.523048 -0.866120 1.295557 -2.859571 0.526548 unsullied
0.734100 0.734100 0.961803 -2.479788 0.684666 0.145780 whitewalker
0.150779 0.150779 -0.109241 -1.391876 1.104784 -0.221834 whitewalker
0.456040 0.456040 0.721450 -2.049259 1.338230 0.059600 whitewalker
-0.248748 -0.248748 -2.079778 -1.290070 -0.894507 -0.560942 dothraki
-0.957993 -0.957993 -1.758493 2.210220 -3.467826 0.408824 unsullied
-0.327559 -0.327559 -3.240872 -0.006074 -0.473366 -1.705279 whitewalker
-0.177288 -0.177288 0.241784 0.960743 -0.626416 0.329162 master
0.105201 0.105201 0.174472 0.263352 -1.453691 0.308359 master
0.681993 0.681993 0.085061 -2.295813 0.380385 -0.362899 dothraki
-0.627192 -0.627192 -1.031248 0.161807 -0.651115 0.239290 dothraki
0.990230 0.990230 0.496086 -2.709856 -0.324638 -0.187445 whitewalker
-0.059267 -0.059267 -0.215747 0.234688 -0.928174 0.117907 unsullied
0.239307 0.239307 -1.440898 -2.484933 -1.451612 -0.306225 master
0.124433 0.124433 -1.052068 -1.053927 0.305513 -0.716174 whitewalker
-0.500737 -0.500737 -0.933635 1.424488 -2.333049 0.275854 unsullied
0.179837 0.179837 -2.439579 -2.871551 -0.035060 -1.209897 master
-1.049795 -1.049795 -2.068552 0.668629 -2.156857 0.348156 dothraki
0.737701 0.737701 -0.240419 -2.535728 -0.286310 -0.423967 dothraki
-0.426107 -0.426107 -2.134169 0.598832 -1.881429 -0.575301 master
-0.111181 -0.111181 -0.512472 0.385170 -0.917457 -0.061921 unsullied
0.244708 0.244708 -0.242565 -1.645551 1.790147 -0.559258 whitewalker
-0.987673 -0.987673 -2.351635 2.602704 -2.384462 -0.357014 unsullied
-0.124199 -0.124199 -1.221570 -1.124359 -0.839570 -0.181496 dothraki
-0.215430 -0.215430 -0.573641 0.625684 -1.266235 0.065878 unsullied
0.176080 0.176080 -0.159681 -0.015817 0.321258 -0.425881 unsullied
0.459734 0.459734 -1.312617 -0.854235 0.062628 -1.324602 master
-0.645016 -0.645016 -2.360117 0.259615 1.563977 -1.286805 whitewalker
-0.106144 -0.106144 -0.712426 -0.761904 -1.926990 0.352020 master
-0.352478 -0.352478 1.353185 3.438483 -0.338135 0.635508 master
-0.202377 -0.202377 -1.084681 -0.761393 -1.563879 0.120658 dothraki
-0.762778 -0.762778 -1.368053 2.007594 -3.022315 0.355872 whitewalker
-0.473704 -0.473704 -0.904779 1.179463 -2.344056 0.325066 unsullied
0.110351 0.110351 -0.550527 -0.093139 1.668929 -0.955740 unsullied
-1.162619 -1.162619 -2.062536 2.928462 -4.187102 0.478457 unsullied
0.554768 0.554768 -2.425980 -3.282122 1.110503 -1.898889 master
0.615044 0.615044 -0.909167 -2.183604 1.006445 -1.166442 master
-0.638014 -0.638014 -1.543755 1.620576 -1.141142 -0.339986 unsullied
-0.041491 -0.041491 -2.245187 -1.722934 -0.786113 -0.869630 master
1.190699 1.190699 -2.023225 -6.174485 -1.118654 -1.126747 master
0.282457 0.282457 -0.459568 -1.627989 -0.197589 -0.230186 dothraki
0.236931 0.236931 -0.024402 -1.397362 0.113108 -0.007716 whitewalker
0.097584 0.097584 0.093588 -1.363316 1.135168 -0.025391 whitewalker
-0.171092 -0.171092 -1.400550 -0.447893 -2.847079 0.125073 master
0.548114 0.548114 -0.020017 -2.012992 -0.134215 -0.192812 dothraki
-0.151326 -0.151326 -0.362888 0.437776 -1.557607 0.254504 unsullied
-0.418299 -0.418299 -2.028623 -0.913871 -1.077308 -0.347473 dothraki
-0.105003 -0.105003 0.231672 -0.130440 -2.899226 1.113143 master
0.100347 0.100347 -0.571941 -0.952747 -0.905602 -0.048423 master
-0.226331 -0.226331 -0.592388 0.847348 -1.636574 0.110992 unsullied
-0.577828 -0.577828 -1.498344 1.716639 -1.014264 -0.445793 unsullied
0.203676 0.203676 0.429388 -1.491771 1.425635 0.023841 whitewalker
-0.370610 -0.370610 -1.055458 1.313095 -1.418977 -0.198534 unsullied
-1.269660 -1.269660 -4.024657 1.841103 0.083056 -1.627554 whitewalker
0.505706 0.505706 -0.669899 -1.698549 -0.174855 -0.659459 master
-0.394844 -0.394844 -0.930815 -0.437062 -0.193257 0.031139 dothraki
-0.421500 -0.421500 -2.173030 -0.027194 0.695107 -1.144289 whitewalker
0.372884 0.372884 -0.003590 -0.960843 -0.721944 -0.057300 master
0.176071 0.176071 -0.957641 -1.140467 -0.811832 -0.395704 master
-0.585475 -0.585475 -0.716779 0.078070 -0.555051 0.399413 dothraki
-0.782689 -0.782689 -1.643487 0.403876 -3.444802 0.706853 dothraki
0.468265 0.468265 0.586820 -0.740108 0.162423 -0.063687 unsullied
-1.323974 -1.323974 -4.734443 1.815285 0.970320 -2.284452 whitewalker
0.284963 0.284963 -0.425625 -1.572619 -0.728854 -0.080737 dothraki
-0.449453 -0.449453 1.327286 1.048420 -0.682566 1.439266 dothraki
-0.398319 -0.398319 -1.541400 -0.195083 0.716790 -0.696872 whitewalker
1.023144 1.023144 1.164200 -3.133732 1.160792 -0.056788 whitewalker
0.227012 0.227012 -1.239117 -1.351848 0.415285 -0.936520 whitewalker
-0.416301 -0.416301 -2.357596 -0.108979 -2.939647 -0.281497 master
-0.194012 -0.194012 0.387193 -0.085706 -0.761581 0.752557 dothraki
-0.219486 -0.219486 -1.587245 -0.579173 1.032965 -0.952753 whitewalker
-0.126634 -0.126634 -0.614611 0.515199 -1.216711 -0.065173 unsullied
0.661607 0.661607 0.396859 -0.952075 0.334612 -0.443980 master
-0.612073 -0.612073 -1.360740 -0.014605 -1.509180 0.264362 dothraki
-0.110453 -0.110453 -0.544839 0.592347 -0.997400 -0.116134 unsullied
-0.205166 -0.205166 -0.701117 0.671754 -0.623009 -0.221419 unsullied
-0.593026 -0.593026 -1.011557 0.257381 -2.131892 0.582480 dothraki
-0.608714 -0.608714 -1.062569 1.861643 -2.982910 0.392721 unsullied
0.120372 0.120372 -0.952144 -1.698933 -3.339772 0.502251 master
0.241606 0.241606 -0.858702 -1.276021 0.169775 -0.642839 whitewalker
0.745181 0.745181 -0.013767 -2.578056 0.778012 -0.551125 dothraki
0.052038 0.052038 -0.347116 0.313930 0.199827 -0.443921 unsullied
0.365489 0.365489 0.865856 -0.583595 -0.757546 0.474821 unsullied
-0.065844 -0.065844 -0.139856 -0.928751 1.026782 -0.053632 dothraki
0.035139 0.035139 -0.839871 -1.146883 0.941152 -0.597945 whitewalker
0.429522 0.429522 -0.618197 -2.583800 -2.668598 0.370802 master
-0.362361 -0.362361 -2.408652 -0.130039 0.485998 -1.304692 whitewalker
0.074163 0.074163 -1.385682 -2.064811 -3.828580 0.483650 master
0.019884 0.019884 -1.681993 -1.649138 -1.444754 -0.398090 dothraki
-0.036123 -0.036123 -0.052414 0.327591 -1.733257 0.394867 unsullied
-0.450803 -0.450803 -1.851882 -0.465147 -1.575348 -0.160056 master
-0.655728 -0.655728 -1.300345 1.713995 -2.439345 0.179298 unsullied
1.172721 1.172721 -0.983009 -4.394156 0.427262 -1.240010 master
-0.235191 -0.235191 -0.519729 -0.391037 -1.854951 0.543877 dothraki
0.524547 0.524547 -0.563855 -1.861571 0.421480 -0.729574 whitewalker
-1.482304 -1.482304 -1.722714 1.876850 -3.246502 1.148399 dothraki
0.400936 0.400936 -0.657099 -1.651323 0.517753 -0.710847 whitewalker
-0.004357 -0.004357 -1.274609 -1.355394 -1.360822 -0.177928 dothraki
-0.800262 -0.800262 -4.021647 -0.906099 -3.998076 -0.453798 dothraki
0.025884 0.025884 -0.711035 -0.701926 -0.557898 -0.204314 master
0.055549 0.055549 0.105521 -0.656925 -1.627525 0.603911 dothraki
0.302268 0.302268 0.171499 -0.647517 0.852904 -0.344578 unsullied
-0.342032 -0.342032 -0.045254 -0.073447 -0.283386 0.513369 dothraki
0.006992 0.006992 -0.864516 -1.393720 0.724019 -0.457568 dothraki
1.175416 1.175416 1.532818 -3.335173 1.115744 0.063242 whitewalker
-0.225461 -0.225461 1.194745 0.457330 -0.451114 1.138231 dothraki
0.069626 0.069626 -1.111066 -0.184611 -0.267624 -0.749825 master
-0.069883 -0.069883 -0.452245 0.456131 -0.297290 -0.258926 unsullied
-0.505064 -0.505064 0.104786 0.547240 -1.650608 1.044560 dothraki
0.158459 0.158459 -2.017885 -2.550812 -2.073252 -0.419257 master
-0.640971 -0.640971 -2.222182 0.188958 1.241394 -1.091126 whitewalker
0.345035 0.345035 0.116917 -1.387073 -0.849320 0.205143 dothraki
-0.443593 -0.443593 -1.545461 -0.495735 -2.300480 0.247466 dothraki
-0.137633 -0.137633 -0.878556 -0.610169 -2.004601 0.260044 master
-1.156312 -1.156312 -2.860327 3.097161 -2.254627 -0.649971 unsullied
0.078721 0.078721 -0.131084 -1.263848 1.580339 -0.302431 whitewalker
-1.807310 -1.807310 -4.171216 2.357143 1.718014 -1.592040 whitewalker
-0.336915 -0.336915 -1.460076 -0.743968 -1.260300 -0.050710 dothraki
-0.556451 -0.556451 -1.146891 1.461148 -2.228993 0.162905 unsullied
-0.507696 -0.507696 -2.741162 0.153919 0.336598 -1.377058 whitewalker
0.772570 0.772570 -1.227042 -3.931603 0.560660 -1.036130 master
-1.215024 -1.215024 -2.970318 3.004722 -2.155231 -0.653046 unsullied
-0.820108 -0.820108 -2.020195 0.135409 -2.513307 0.309704 dothraki
-0.459815 -0.459815 1.193160 0.977139 -0.675818 1.375276 dothraki
0.227364 0.227364 0.679893 -0.188291 -1.791895 0.705505 unsullied
0.451421 0.451421 -0.609993 -2.100957 -0.182884 -0.442686 dothraki
-0.045625 -0.045625 -0.540423 0.137703 0.447249 -0.472703 unsullied
-0.341424 -0.341424 -1.946864 -1.109109 -0.566864 -0.479740 dothraki
-0.039700 -0.039700 -1.781864 -1.478815 -1.861957 -0.320065 dothraki
0.102281 0.102281 -1.374521 -0.187064 0.677897 -1.230781 master
-0.264274 -0.264274 -1.055698 -0.819444 -0.758035 0.020169 dothraki
0.031386 0.031386 -1.583347 -0.995690 -1.115539 -0.597322 master
0.329582 0.329582 -2.443715 -2.750294 -1.619439 -1.014098 dothraki
-0.051371 -0.051371 -0.917489 -0.064314 1.192209 -0.878328 master
0.298336 0.298336 0.658039 -0.646077 -1.095803 0.524703 unsullied
-0.185662 -0.185662 -1.698643 -0.620328 1.172771 -1.102410 whitewalker
0.444371 0.444371 -0.955883 -2.313780 -0.374668 -0.570016 dothraki
-0.296137 -0.296137 -0.750224 0.331131 -0.770685 -0.010524 master
-0.708005 -0.708005 -0.464300 0.662704 -1.707777 0.900247 dothraki
0.104019 0.104019 -1.939829 -1.752576 -2.802005 -0.297826 master
-0.932194 -0.932194 -1.862029 2.296509 -3.143247 0.193432 unsullied
-0.749707 -0.749707 -3.063132 0.475683 0.902135 -1.516684 whitewalker
0.437092 0.437092 -1.185131 -0.844350 1.782633 -1.671000 master
0.508894 0.508894 0.046387 -1.478845 0.186650 -0.315538 master
0.063326 0.063326 -1.950775 -1.982164 -0.624190 -0.780149 dothraki
-0.384573 -0.384573 -1.036942 0.855374 -1.024822 -0.158076 unsullied
0.057496 0.057496 0.127020 0.202122 -2.035282 0.509897 unsullied
0.034205 0.034205 -0.697010 0.650696 1.051935 -0.979070 master
-1.070047 -1.070047 -2.949419 2.861077 -1.080654 -1.082293 unsullied
-0.092679 -0.092679 -1.050069 -1.147581 -0.017976 -0.318346 dothraki
1.006033 1.006033 0.779211 -1.151852 1.160849 -0.802177 master
-0.357765 -0.357765 -3.225998 -2.224640 -2.560193 -0.535223 master
-0.764261 -0.764261 -2.748847 0.502431 1.177529 -1.358674 whitewalker
-0.306885 -0.306885 -1.330866 0.320776 -2.626889 0.099838 master
0.433443 0.433443 0.388984 -0.872816 -1.037350 0.200108 master
-0.510333 -0.510333 -2.274735 -0.848742 -1.229592 -0.373764 dothraki
-0.698467 -0.698467 -2.675828 -0.607519 -1.901432 -0.286391 dothraki
0.299858 0.299858 -1.610497 -2.128182 -1.752582 -0.513286 dothraki
-0.390114 -0.390114 -1.253995 -0.411742 -1.775628 0.218431 dothraki
-1.581844 -1.581844 -4.130762 3.821015 -1.278986 -1.422538 unsullied
-0.272824 -0.272824 -1.239059 -0.541915 -2.281992 0.243484 master
-0.018028 -0.018028 -0.893747 -0.588787 -2.032916 0.094212 master
0.904362 0.904362 -0.363386 -2.186943 1.098399 -1.189708 master
0.415391 0.415391 0.339354 -0.842400 0.979008 -0.361051 unsullied
0.021369 0.021369 -0.784163 -1.134008 1.054721 -0.574678 whitewalker
-0.124062 -0.124062 -1.153506 -1.084414 -0.213126 -0.312720 dothraki
0.202522 0.202522 0.460781 -0.890260 -0.366724 0.378220 dothraki
0.729426 0.729426 -0.850880 -2.680750 -1.835585 -0.386402 dothraki
-0.436799 -0.436799 -0.439359 0.231750 -2.625132 0.915965 dothraki
-2.221253 -2.221253 -4.785579 5.333915 -4.706970 -0.496854 unsullied
-0.428957 -0.428957 -1.886102 0.102704 -0.134337 -0.743406 whitewalker
0.424596 0.424596 -1.230727 -2.530211 1.177334 -1.099255 dothraki
0.178592 0.178592 -2.066908 -1.548678 0.156100 -1.332130 master
-0.029367 -0.029367 -0.658931 -0.938405 -1.578083 0.238876 dothraki
-0.047960 -0.047960 -1.230007 0.074855 -0.759995 -0.610983 master
-0.672097 -0.672097 -2.598304 0.356920 1.193374 -1.342413 whitewalker
0.699644 0.699644 0.199378 -2.349087 0.235739 -0.253895 whitewalker
-0.201879 -0.201879 -1.416721 -1.185288 -0.156733 -0.384057 dothraki
0.260489 0.260489 0.259380 -0.328357 0.059658 -0.095022 master
-0.480672 -0.480672 -3.091682 -1.272412 -1.929509 -0.688897 dothraki
-0.349009 -0.349009 -1.811457 -0.683318 -3.013054 0.175973 dothraki
0.737042 0.737042 -3.393731 -4.248521 -1.208162 -1.948163 dothraki
-0.747227 -0.747227 -1.577022 1.975678 -3.192477 0.243150 unsullied
0.231244 0.231244 0.251296 -0.298072 -0.525531 0.087671 unsullied
0.964446 0.964446 0.986142 -2.975437 1.176958 -0.148169 whitewalker
0.483033 0.483033 0.608960 -0.867255 0.758362 -0.196012 unsullied
0.251013 0.251013 -1.148157 -1.471982 1.083115 -1.054005 whitewalker
0.334220 0.334220 0.141727 -1.309952 -0.805307 0.205470 dothraki
0.049488 0.049488 -1.050624 -1.481750 -0.101104 -0.399417 dothraki
-0.323173 -0.323173 -1.427544 -0.397231 1.542886 -0.887627 whitewalker
0.525031 0.525031 0.100905 -1.833378 -0.338443 -0.068149 dothraki
0.998326 0.998326 0.807615 -2.959153 0.958738 -0.262939 whitewalker
0.139163 0.139163 -1.531008 -1.267381 1.026731 -1.210697 dothraki
-0.421340 -0.421340 -1.892659 -0.108519 0.593366 -0.900672 whitewalker
0.654415 0.654415 -1.330113 -3.283838 -0.601468 -0.802945 master
0.037877 0.037877 -1.742113 -0.792585 -0.053858 -1.053647 whitewalker
0.530015 0.530015 -0.469420 -1.889027 0.205113 -0.605630 whitewalker
0.147509 0.147509 -1.378061 -1.758299 -0.865935 -0.481930 dothraki
0.336766 0.336766 -0.742349 -1.590841 0.497527 -0.695742 whitewalker
0.361747 0.361747 -0.012563 -0.444093 -0.283750 -0.296877 master
0.835855 0.835855 -1.837510 -3.782987 0.444607 -1.552335 dothraki
-0.109541 -0.109541 -2.515304 -2.057493 -2.311550 -0.474186 master
-0.942194 -0.942194 -2.290644 2.519662 -1.836573 -0.500780 unsullied
0.427863 0.427863 0.184985 -0.502657 0.545462 -0.454218 unsullied
0.385823 0.385823 -2.680101 -3.155835 -0.617104 -1.421023 dothraki
-0.167923 -0.167923 0.044994 2.082012 -0.069439 -0.252794 master
-0.375826 -0.375826 -1.122704 -0.404872 1.132372 -0.492840 whitewalker
0.399347 0.399347 -1.371013 -2.016519 -1.020846 -0.701858 master
-1.695290 -1.695290 -4.561117 2.314953 1.784138 -2.019226 whitewalker
-0.814101 -0.814101 -1.871903 0.996910 -3.427130 0.434535 master
-0.036415 -0.036415 -0.910125 -0.786044 0.464532 -0.515418 whitewalker
0.164439 0.164439 0.017475 0.698833 -0.240809 -0.315338 master
-0.212378 -0.212378 -1.398366 -0.576364 1.317261 -0.907290 whitewalker
0.162185 0.162185 0.297876 -0.903842 -2.418655 0.873016 master
0.430578 0.430578 -0.187932 -0.056091 2.419539 -1.335143 master
0.426970 0.426970 -2.592064 -3.019893 -1.361771 -1.247484 dothraki
0.488421 0.488421 0.713470 -0.964412 0.066161 0.080662 unsullied
0.320616 0.320616 0.665842 -1.070196 -2.593605 1.010606 master
-0.537798 -0.537798 -1.091312 -0.072932 -1.396491 0.339273 dothraki
-1.067096 -1.067096 -0.996457 1.220448 -1.568859 0.823233 dothraki
1.187563 1.187563 0.718363 -3.274512 0.200130 -0.290946 whitewalker
-0.633017 -0.633017 -2.148742 0.273569 1.115259 -1.037615 whitewalker
0.169011 0.169011 0.279505 -0.378646 -0.343724 0.160672 unsullied
-0.045814 -0.045814 -1.368135 0.563272 -0.315196 -0.952972 master
-0.029637 -0.029637 -0.329322 0.615000 -0.309871 -0.262582 master
-0.092669 -0.092669 -0.528634 -0.905633 0.874010 -0.254786 whitewalker
-0.810414 -0.810414 -1.938529 1.431135 -1.635444 -0.208294 master
-0.290194 -0.290194 0.147656 0.074533 -0.808734 0.684095 dothraki
0.328424 0.328424 -0.379193 -1.528646 0.663539 -0.491236 whitewalker
-0.178825 -0.178825 -1.092166 -0.759557 1.592584 -0.765404 whitewalker
0.335912 0.335912 0.222299 -0.553290 0.532650 -0.290897 unsullied
-0.424587 -0.424587 -1.660307 -0.241070 1.392442 -0.915645 whitewalker
-0.233597 -0.233597 -1.772004 0.502983 -0.362849 -0.960080 master
0.828475 0.828475 0.551654 -2.670152 0.914235 -0.279020 whitewalker
0.398275 0.398275 -0.006643 -0.314809 1.141512 -0.756882 master
0.263040 0.263040 -1.956978 -2.447133 -0.224153 -1.038019 dothraki
-0.354965 -0.354965 -1.536296 -0.255136 0.966442 -0.802441 whitewalker
-0.992443 -0.992443 -3.418180 1.150979 0.024111 -1.379010 whitewalker
0.366292 0.366292 1.705260 0.938385 -0.548734 0.621281 master
0.300135 0.300135 -1.158931 -2.293504 0.726779 -0.823559 dothraki
0.089931 0.089931 -0.492970 -1.179646 -1.224551 0.163420 dothraki
0.062311 0.062311 -0.802612 0.043379 -0.079699 -0.632531 master
0.581738 0.581738 0.952210 -0.842876 0.735436 -0.085984 unsullied
0.399054 0.399054 0.259500 -0.442400 0.256227 -0.301542 unsullied
-0.695253 -0.695253 -0.291342 0.778396 -1.976821 1.047638 dothraki
0.059670 0.059670 -1.055189 -1.009182 0.693520 -0.748768 whitewalker
-0.074574 -0.074574 0.738785 1.269945 -1.050338 0.577608 master
0.295646 0.295646 2.115750 -0.339278 0.649982 1.000214 dothraki
-0.283514 -0.283514 -0.421164 0.803076 -2.531195 0.557828 unsullied
0.002983 0.002983 -0.492024 -0.566981 -1.989121 0.330086 master
0.005072 0.005072 -0.938709 0.554080 1.109444 -1.100827 unsullied
0.487984 0.487984 -0.179268 -1.827755 0.754435 -0.510717 whitewalker
0.536151 0.536151 0.669878 -2.118611 0.992777 0.028500 whitewalker
-0.807730 -0.807730 -1.729975 2.123790 -2.264230 -0.071173 unsullied
0.310390 0.310390 0.073664 -0.933532 0.394092 -0.228215 master
-0.351113 -0.351113 -0.894097 1.193378 -1.560465 -0.043206 unsullied
-0.080520 -0.080520 -0.482852 0.353167 -0.335023 -0.230251 unsullied
-0.167540 -0.167540 -1.469501 -0.639280 0.877530 -0.881879 whitewalker
-0.111643 -0.111643 -0.281183 0.345621 -1.203308 0.187233 unsullied
0.227070 0.227070 -0.723711 -1.106513 -1.472661 -0.130046 master
-0.229139 -0.229139 -2.276439 -0.239170 0.009193 -1.231883 master
-0.445132 -0.445132 -1.585787 0.727252 -1.279281 -0.361283 master
-0.280772 -0.280772 -0.501842 -0.229575 -1.745181 0.546210 dothraki
0.796219 0.796219 0.937172 -2.603031 1.022362 -0.013065 whitewalker
-0.259517 -0.259517 -2.146528 -0.239381 -1.766540 -0.623204 master
0.975320 0.975320 0.466134 -2.292383 0.821903 -0.602340 master
-1.266414 -1.266414 -2.904496 3.328546 -2.470277 -0.536108 unsullied
-0.229309 -0.229309 -1.768130 -0.424917 0.971510 -1.088546 whitewalker
-0.096458 -0.096458 -1.633965 -1.371262 -1.475660 -0.272980 dothraki
-0.650807 -0.650807 -1.939123 -0.247540 -1.305324 -0.085173 dothraki
-0.520174 -0.520174 -1.164696 -0.133931 -1.684889 0.357732 dothraki
0.247426 0.247426 -1.525266 -2.128848 -0.716897 -0.663207 dothraki
-0.677365 -0.677365 -2.572158 0.436056 1.262058 -1.355601 whitewalker
0.373923 0.373923 -1.441733 -2.385219 0.709549 -1.090658 master
-0.381200 -0.381200 -1.617524 -0.297772 1.217713 -0.881566 whitewalker
1.378293 1.378293 2.221394 -3.654121 0.869526 0.424014 whitewalker
-0.548076 -0.548076 -2.008250 0.264909 -2.613572 -0.045669 master
0.256669 0.256669 0.772215 -0.475487 -1.860975 0.822330 unsullied
-0.139342 -0.139342 0.017638 0.554319 -2.317004 0.679731 unsullied
-0.099366 -0.099366 -0.852707 1.451878 2.067403 -1.386954 master
-0.425329 -0.425329 -1.235852 1.269014 -1.259687 -0.284366 unsullied
-0.006402 -0.006402 -1.943464 -1.231869 -1.093204 -0.745871 master
0.366020 0.366020 -1.352086 -1.650713 1.034200 -1.289806 master
-0.332060 -0.332060 -0.560710 -0.252424 -1.504462 0.513555 dothraki
0.015473 0.015473 -0.638073 -1.084814 1.033251 -0.471402 whitewalker
-0.427605 -0.427605 -1.853853 -0.283019 1.730028 -1.127245 whitewalker
-0.742159 -0.742159 -3.235389 0.717398 0.257562 -1.534417 whitewalker
-0.734919 -0.734919 -2.083834 1.898219 -0.111756 -0.936807 unsullied
0.369059 0.369059 -0.481221 -0.469897 0.651928 -0.879383 master
-0.263394 -0.263394 -1.790183 -0.503765 1.388397 -1.151427 whitewalker
-0.894468 -0.894468 -2.248780 2.424886 -2.243372 -0.401028 unsullied
-0.251079 -0.251079 -1.665672 -0.376436 0.900629 -0.981398 whitewalker
-1.199128 -1.199128 -2.714612 3.010199 -2.602260 -0.376319 unsullied
0.411966 0.411966 -1.376749 -0.761361 1.117608 -1.613803 master
-0.193371 -0.193371 -0.505079 0.949377 -1.460652 0.055614 unsullied
0.252278 0.252278 -0.786771 -1.633267 -1.130377 -0.166843 dothraki
-0.127699 -0.127699 -1.690263 -0.763469 1.418759 -1.203025 whitewalker
-0.102962 -0.102962 -0.783560 -0.895761 1.645808 -0.629597 whitewalker
-1.323237 -1.323237 -2.876769 3.266483 -2.669677 -0.372646 unsullied
1.575202 1.575202 2.367019 -4.337567 1.644674 0.230012 whitewalker
-0.161944 -0.161944 -0.964018 0.815942 0.124840 -0.699612 unsullied
0.485484 0.485484 0.393788 -0.954925 1.596496 -0.553112 unsullied
-0.095211 -0.095211 0.221385 0.446388 -2.613339 0.870961 unsullied
0.929813 0.929813 0.550426 -2.601207 0.379787 -0.286822 dothraki
0.143460 0.143460 -0.662827 0.210472 -1.085178 -0.413140 master
-0.655212 -0.655212 -1.438439 1.704589 -2.161409 0.009668 unsullied
-0.947682 -0.947682 -1.805256 2.460426 -3.467855 0.299599 unsullied
0.507867 0.507867 0.940304 -1.069192 0.032780 0.248976 unsullied
-0.510209 -0.510209 -2.121986 0.108638 0.581170 -0.995356 whitewalker
-0.013672 -0.013672 -0.723896 -0.993654 1.079460 -0.528402 whitewalker
-0.452074 -0.452074 -1.920230 -0.232799 -2.650085 0.024564 master
-0.733508 -0.733508 -2.070377 -0.140103 -2.038497 0.102198 dothraki
-0.665056 -0.665056 -2.458175 0.436113 0.498536 -1.086690 whitewalker
0.210588 0.210588 0.547038 -0.601752 -1.067313 0.543805 unsullied
0.970240 0.970240 0.377269 -2.727173 0.338363 -0.418230 whitewalker
0.327666 0.327666 -1.936069 -2.250975 -0.705145 -1.028419 master
0.408315 0.408315 -0.974564 -1.405341 0.149323 -0.905239 master
-0.511493 -0.511493 -1.527332 -0.406554 -0.854218 -0.062092 dothraki
0.304353 0.304353 -0.818148 -0.878199 -0.823976 -0.529811 master
0.269494 0.269494 -1.408241 -2.140888 -0.737125 -0.601984 dothraki
-0.374730 -0.374730 -1.423024 -0.295342 1.299948 -0.776868 whitewalker
-0.956656 -0.956656 -2.563802 2.587473 -0.841731 -0.957447 unsullied
0.245822 0.245822 -1.064553 -1.018727 0.976697 -1.074168 master
-0.773203 -0.773203 -0.269990 0.905232 -1.542915 1.016499 dothraki
-0.606911 -0.606911 0.649086 2.475173 -1.938005 1.151228 master
-0.522672 -0.522672 -2.089592 -0.111882 2.029022 -1.290404 whitewalker
-0.059422 -0.059422 -0.599624 0.412451 0.043823 -0.456513 unsullied
0.031768 0.031768 -1.284459 -0.983954 0.825816 -0.914248 whitewalker
-0.541160 -0.541160 -2.634843 0.974680 -1.775197 -0.896994 master
-0.233039 -0.233039 -1.785845 -0.554756 -1.957152 -0.275276 master
-0.661243 -0.661243 -1.038597 1.622437 -2.375237 0.375314 master
0.303066 0.303066 0.125997 -0.350500 0.236641 -0.286359 unsullied
-0.708485 -0.708485 -1.478500 1.991033 -2.602273 0.098335 unsullied
-0.110483 -0.110483 -0.482441 0.771127 0.814295 -0.604976 master
0.774598 0.774598 0.782706 -2.456508 0.410822 0.035106 whitewalker
-0.661866 -0.661866 -2.882316 0.254446 0.408102 -1.317312 whitewalker
-0.659820 -0.659820 -2.083492 1.821408 -0.348027 -0.952521 unsullied
-0.884777 -0.884777 -1.770381 0.258926 -1.270248 0.203882 dothraki
-0.122481 -0.122481 -1.933799 -1.534047 -1.271688 -0.462226 dothraki
-0.280669 -0.280669 -2.041193 -0.343330 0.407849 -1.080668 whitewalker
0.287146 0.287146 -1.026430 -1.530948 0.591764 -0.869426 whitewalker
-0.314801 -0.314801 -0.976260 -0.792957 1.037950 -0.347730 dothraki
0.843964 0.843964 1.184357 -1.705264 1.045523 -0.135311 unsullied
0.594826 0.594826 -0.640850 -2.056252 1.056307 -0.997739 master
0.015919 0.015919 -1.176868 -1.226892 1.844947 -1.031270 whitewalker
1.065320 1.065320 1.094630 -3.005487 0.219559 0.060058 whitewalker
-0.671589 -0.671589 -1.676521 1.755161 -0.917114 -0.482745 unsullied
-0.090432 -0.090432 -0.794494 -1.002192 1.701051 -0.641814 whitewalker
-0.449519 -0.449519 -1.241123 1.179149 -1.447778 -0.182976 unsullied
-0.928822 -0.928822 -1.595338 0.461645 -1.032815 0.269311 dothraki
0.599797 0.599797 -2.105057 -3.361571 0.238073 -1.479083 dothraki
-0.710452 -0.710452 -1.494796 1.960493 -2.467595 0.060980 unsullied
0.746247 0.746247 -0.302965 -3.314780 -0.673838 -0.178590 master
-0.693070 -0.693070 -2.955654 0.463071 0.906224 -1.514042 whitewalker
-0.434267 -0.434267 -2.359404 -0.166889 1.176613 -1.352169 whitewalker
0.348279 0.348279 0.066889 -0.432490 0.347465 -0.396382 unsullied
0.545952 0.545952 0.885266 -0.974683 0.402855 0.036998 unsullied
-1.190753 -1.190753 -2.373697 0.787746 -2.843546 0.475219 dothraki
-0.346272 -0.346272 -2.502006 -0.107349 0.628475 -1.435176 whitewalker
0.238432 0.238432 -0.420573 -0.139656 2.154132 -1.152365 unsullied
0.115032 0.115032 -1.130043 -1.806841 -3.397189 0.427536 master
0.119840 0.119840 -1.870636 -1.937567 -1.486838 -0.577625 master
-0.084533 -0.084533 -1.753057 -1.436250 -1.564551 -0.331650 dothraki
-0.095167 -0.095167 -0.806765 -0.749141 0.558809 -0.400482 whitewalker
0.389981 0.389981 0.760926 -1.922745 1.671689 0.052586 whitewalker
-0.607847 -0.607847 -2.703346 -0.708439 -2.430004 -0.257291 dothraki
0.220890 0.220890 0.187125 -0.292208 0.067589 -0.104632 unsullied
-0.163692 -0.163692 0.396307 -1.085729 2.603240 0.065263 whitewalker
0.657001 0.657001 -1.259936 -2.428129 0.608537 -1.298253 master
0.706285 0.706285 1.563331 -1.439675 0.436726 0.407816 unsullied
-0.971351 -0.971351 -2.295594 2.558057 -1.429211 -0.585136 unsullied
0.095512 0.095512 -0.685020 -1.146543 -1.604450 0.115723 dothraki
-0.387586 -0.387586 -3.017508 -1.748078 -2.615186 -0.455370 master
0.317346 0.317346 -1.835025 -1.271281 1.430041 -1.765318 master
0.035506 0.035506 -0.916410 -0.344615 -0.098939 -0.573965 master
1.580082 1.580082 2.311299 -4.223468 0.722606 0.404042 whitewalker
-0.005790 -0.005790 -0.946120 -0.922967 0.444347 -0.541004 whitewalker
-0.512564 -0.512564 -1.318778 1.430822 -1.423665 -0.224092 unsullied
-0.327692 -0.327692 -0.894983 1.025440 -0.927562 -0.202698 unsullied
-0.781999 -0.781999 -1.795262 2.057150 -1.845596 -0.246560 unsullied
-0.442314 -0.442314 -1.801377 -0.194916 1.873620 -1.132012 whitewalker
-0.646690 -0.646690 0.072516 0.999892 -2.859335 1.419777 dothraki
-0.760362 -0.760362 -2.095065 2.076360 -0.638301 -0.814311 unsullied
-0.356513 -0.356513 -1.082875 -0.253654 0.761893 -0.428790 whitewalker
-0.415313 -0.415313 -2.585441 -0.360212 -2.420871 -0.518430 master
0.438359 0.438359 -1.296495 -1.540816 0.716426 -1.288327 master
0.344863 0.344863 -0.821064 -1.679837 1.491205 -1.006411 whitewalker
-0.297180 -0.297180 -0.821724 0.937571 -1.636829 0.021313 unsullied
-0.618387 -0.618387 -0.985591 0.463598 -4.021230 1.090515 master
0.099402 0.099402 0.144355 -1.407509 2.089487 -0.237970 whitewalker
-0.649307 -0.649307 -1.940719 1.595614 -2.242856 -0.299861 master
0.538015 0.538015 -0.598026 -2.300188 -0.342493 -0.455225 dothraki
-0.588054 -0.588054 -1.917111 1.539771 -0.468316 -0.827446 unsullied
0.177494 0.177494 -1.174436 -1.124419 0.072588 -0.791144 whitewalker
0.065534 0.065534 -0.371772 0.024573 -0.133918 -0.316291 unsullied
0.620315 0.620315 -1.995606 -3.186973 -0.716145 -1.216761 dothraki
-0.022793 -0.022793 -1.532590 0.903798 0.106382 -1.297376 master
-0.346551 -0.346551 -1.023771 -0.431660 0.921153 -0.398645 whitewalker
-0.345260 -0.345260 -0.419814 0.021423 -2.617886 0.860107 dothraki
-0.255303 -0.255303 -1.449368 -0.463060 1.053911 -0.844084 whitewalker
-0.101584 -0.101584 -2.127796 -0.627935 0.700352 -1.384038 whitewalker
-0.055959 -0.055959 -1.323465 0.261748 2.114987 -1.486437 unsullied
-0.416911 -0.416911 -1.179809 1.493289 -1.531379 -0.239610 whitewalker
0.543184 0.543184 0.223846 -0.852405 1.980629 -0.877028 unsullied
-0.925654 -0.925654 -2.056509 2.296278 -2.171144 -0.212643 unsullied
0.392385 0.392385 -1.469512 -1.356776 -0.199601 -1.148573 master
-0.720650 -0.720650 -2.184966 -0.274056 -1.334101 -0.150658 dothraki
-0.422229 -0.422229 -1.989878 0.210070 -2.046803 -0.337205 master
-0.230962 -0.230962 -1.132638 -0.473992 0.742630 -0.568218 whitewalker
-0.043653 -0.043653 -1.071510 -1.165623 -1.625704 0.039287 dothraki
0.045893 0.045893 0.618206 -0.686388 1.466096 0.149954 dothraki
0.936344 0.936344 1.437929 -2.136308 1.885855 -0.197314 unsullied
0.034962 0.034962 -0.520646 0.322832 0.364078 -0.589178 unsullied
-0.686649 -0.686649 -1.318086 0.232945 -2.423754 0.576150 dothraki
0.811383 0.811383 -0.845406 -4.154245 0.180517 -0.662132 master
0.054217 0.054217 -0.097638 0.274685 -0.176263 -0.161325 unsullied
0.046795 0.046795 -0.954834 -1.106921 1.137145 -0.756447 whitewalker
0.334220 0.334220 -0.215993 -1.707151 0.679824 -0.344244 whitewalker
-0.608128 -0.608128 -1.936612 0.088507 1.799963 -1.059769 whitewalker
-0.630888 -0.630888 -3.287767 -0.992329 -2.065424 -0.662129 unsullied
-2.128575 -2.128575 -4.405055 5.102639 -5.084184 -0.193159 unsullied
0.092429 0.092429 -1.911641 -1.238580 -0.726613 -0.950687 master
-0.404847 -0.404847 -3.002387 0.009291 0.448967 -1.688888 whitewalker
0.758284 0.758284 0.150102 -2.514272 1.473601 -0.657056 whitewalker
-1.700482 -1.700482 -3.842454 4.043900 -2.656566 -0.750235 unsullied
-0.117116 -0.117116 -3.298760 -3.150179 -2.824239 -0.598896 master
-0.034184 -0.034184 -0.816215 0.340420 -0.692086 -0.424984 master
0.420426 0.420426 -0.904140 -1.468651 2.652013 -1.529464 master
0.527237 0.527237 0.860182 -1.543657 0.590284 0.136864 dothraki
0.745014 0.745014 -0.479006 -2.728773 -0.744497 -0.428491 dothraki
-0.998268 -0.998268 -2.795654 0.935034 1.165071 -1.188862 whitewalker
-0.341710 -0.341710 -0.683260 0.766476 -2.041075 0.328559 unsullied
0.483435 0.483435 -0.386087 -1.173738 0.952023 -0.867064 master
-0.421194 -0.421194 -1.818532 -0.067292 -3.670646 0.287965 master
0.231673 0.231673 0.054804 0.719144 1.883682 -0.954539 master
-0.154203 -0.154203 -1.129108 -1.036636 -0.060257 -0.309147 dothraki
-0.680483 -0.680483 -1.924353 1.722120 -0.792751 -0.669423 unsullied
-0.001363 -0.001363 -1.787964 -1.607033 -1.277481 -0.499803 master
-0.503358 -0.503358 -1.506943 -0.047101 0.994551 -0.646495 whitewalker
-1.020474 -1.020474 -3.142009 0.091055 -3.494411 0.064482 dothraki
0.298738 0.298738 0.313669 -1.817117 1.699895 -0.174109 whitewalker
0.086785 0.086785 0.033224 -0.003346 0.024008 -0.096640 unsullied
-0.084276 -0.084276 -0.440302 0.317649 -0.754158 -0.073841 unsullied
-0.025721 -0.025721 -0.841827 -1.182027 -0.411711 -0.146311 dothraki
-1.280747 -1.280747 -1.239687 1.548462 -2.110756 0.997735 dothraki
-0.201141 -0.201141 -0.783897 -0.687825 -0.701102 0.078604 dothraki
1.159221 1.159221 0.998665 -3.216297 0.661853 -0.196597 whitewalker
0.076975 0.076975 -1.925840 -2.038500 -0.439714 -0.816150 dothraki
-0.322593 -0.322593 -0.949385 1.113021 -1.493659 -0.117150 unsullied
0.416524 0.416524 0.392494 -0.885178 -0.413904 0.060185 master
-0.296364 -0.296364 1.006440 0.629175 -2.125920 1.507363 dothraki
0.348238 0.348238 -1.798532 -1.411035 0.675427 -1.542246 master
0.233146 0.233146 0.573736 -0.525296 -0.733498 0.423704 whitewalker
0.414949 0.414949 0.794999 -0.915883 -0.028579 0.247653 unsullied
0.688561 0.688561 0.162585 -2.169599 -0.649917 -0.071878 dothraki
1.306524 1.306524 -0.362477 -4.065530 1.528057 -1.361314 dothraki
-1.158120 -1.158120 -2.349706 2.527744 -2.547626 -0.068511 unsullied
1.093438 1.093438 0.927915 -3.112456 0.966769 -0.267636 whitewalker
-0.252165 -0.252165 -1.786774 -1.228454 -0.310354 -0.524327 dothraki
0.298269 0.298269 -0.061420 -1.412951 -0.413565 0.031304 dothraki
0.410744 0.410744 -1.887117 -2.201322 -1.276625 -0.962285 master
-0.486752 -0.486752 -2.141390 0.034681 0.687527 -1.049805 whitewalker
-0.066849 -0.066849 -1.508638 -0.777626 0.502413 -0.906031 whitewalker
0.657096 0.657096 0.835056 -0.594545 -0.466179 -0.006238 master
-0.052991 -0.052991 -0.651668 -1.070615 0.211644 -0.173266 dothraki
0.164049 0.164049 -0.356252 -0.016203 0.328035 -0.549174 unsullied
-0.742170 -0.742170 -1.668395 1.986661 -2.324650 -0.063663 unsullied
-0.503429 -0.503429 -1.933532 0.178061 -1.743143 -0.264580 master
-0.222188 -0.222188 0.014837 -0.049141 -1.584105 0.741496 dothraki
-0.439594 -0.439594 -0.572246 0.003646 -1.376256 0.548106 dothraki
-0.656310 -0.656310 -2.475706 0.222096 1.027129 -1.198833 whitewalker
0.183488 0.183488 1.148943 -0.653457 0.947226 0.471142 dothraki
-0.049889 -0.049889 -2.235729 -1.866160 -1.304517 -0.676423 ?
-0.004918 -0.004918 -0.429168 -1.003111 0.943207 -0.294865 ?
-0.585609 -0.585609 -1.256382 1.782082 -2.002584 -0.016942 ?
0.244282 0.244282 -0.506109 -1.599387 -0.743024 -0.072891 ?
-0.807608 -0.807608 -1.779921 0.415314 -3.607557 0.685207 ?
